Jogo 1 (2/5)
"Menos Vezes Sorteado (Valor, Jogos q saiu)"
[(52, 399), (96, 400), (60, 416), (94, 419), (80, 421), (98, 422), (84, 425), (32, 426), (36, 428), (5, 429), (59, 430), (75, 430), (69, 431), (21, 432), (22, 432), (40, 433), (46, 434), (33, 436), (71, 436), (89, 438), (34, 441), (63, 441), (7, 441), (15, 441), (88, 442), (51, 442), (65, 442), (87, 442), (90, 443), (67, 444), (53, 444), (77, 444), (81, 444), (18, 445), (28, 445), (74, 445), (72, 445), (2, 446), (56, 448), (62, 449), (10, 449), (30, 449), (20, 451), (86, 452), (97, 453), (39, 453), (0, 455), (14, 455), (13, 455), (25, 456)]

"Maior Rally (Valor, Jogos sem sair)"
[(28, 32), (74, 24), (53, 17), (59, 13), (80, 12), (24, 11), (12, 10), (45, 10), (97, 10), (17, 9), (32, 8), (40, 8), (94, 8), (98, 8), (10, 7), (26, 7), (29, 7), (35, 7), (39, 7), (42, 7), (48, 7), (78, 7), (9, 6), (20, 6), (76, 6), (87, 6), (93, 6), (95, 6), (6, 5), (18, 5), (33, 5), (62, 5), (72, 5), (1, 4), (13, 4), (19, 4), (22, 4), (27, 4), (38, 4), (46, 4), (66, 4), (69, 4), (86, 4), (5, 3), (15, 3), (31, 3), (57, 3), (71, 3), (75, 3), 
(83, 3)]

Jogo 2 (5/5)
Proporção lista_busca = {0:7, 1:18, 2:7, 3:1, 4:2, 5:1, 6:2, 7:7, 8:2, 9:1, 10:2}
========== Jogo Histograma ==========
[0, 1, 3, 4, 5, 6, 7, 8, 9, 10, 11, 12, 14, 16, 17, 21, 26, 29, 31, 35, 36, 37, 38, 40, 41, 42, 43, 44, 45, 47, 48, 49, 50, 51, 52, 54, 55, 56, 58, 60, 61, 63, 70, 73, 82, 83, 88, 89, 91, 92]
========== Jogo Rally ==========
[0, 2, 3, 4, 7, 8, 10, 11, 12, 14, 16, 21, 23, 25, 30, 34, 36, 37, 41, 42, 43, 44, 47, 48, 49, 50, 51, 52, 54, 55, 56, 58, 60, 61, 63, 64, 65, 67, 68, 69, 70, 73, 76, 77, 81, 82, 88, 89, 91, 98]
========== Jogo Mais vezes sorteados ==========
[1, 3, 4, 6, 8, 11, 12, 14, 16, 17, 19, 23, 24, 25, 26, 27, 29, 31, 35, 37, 38, 41, 42, 43, 44, 45, 47, 48, 49, 50, 54, 55, 57, 58, 61, 64, 66, 68, 70, 73, 76, 78, 79, 82, 83, 85, 91, 92, 93, 95]